538 392
466 378
733 328
374 761
499 774
202 640
109 705
81 339
156 341
330 597
536 210
444 665
428 721
483 169
483 255
788 643
604 722
455 760
697 331
602 637
558 446
504 405
746 610
690 216
774 171
366 287
632 96
310 783
763 566
662 598
400 453
480 395
258 324
102 535
624 241
686 622
145 786
771 789
441 245
402 225
192 724
324 383
164 634
289 605
255 684
300 339
150 683
150 119
574 785
521 387
154 353
100 188
216 341
747 667
684 710
695 715
786 305
778 660
555 725
457 193
558 792
481 293
622 562
371 565
187 356
645 541
166 225
207 93
281 693
597 362
770 638
641 438
478 440
276 725
332 376
221 282
313 592
289 298
789 219
264 497
192 81
799 208
255 763
483 748
162 263
590 99
294 369
233 433
594 137
764 785
215 756
202 301
337 545
485 427
175 689
685 517
360 107
758 109
591 366
634 313
355 113
777 539
143 473
486 610
346 332
387 766
208 468
648 415
282 662
557 134
789 670
323 304
529 628
165 604
436 671
386 763
111 284
206 499
787 259
555 769
207 511
623 143
162 231
648 613
459 608
214 619
366 263
660 193
514 773
316 155
552 361
547 580
581 99
764 767
636 509
787 535
267 411
487 405
737 340
566 552
244 344
228 519
642 781
746 510
795 518
714 158
350 635
414 287
264 259
139 356
315 181
81 524
658 297
382 671
216 417
659 454
194 781
728 732
398 308
206 613
592 375
435 101
532 327
298 662
660 800
378 368
606 637
772 88
538 435
660 703
391 181
522 135
273 217
284 564
698 478
405 122
430 320
329 585
81 162
617 373
641 197
320 280
175 267
470 142
242 420
753 429
404 731
348 605
594 362
316 246
391 607
213 480
263 786
173 97
287 120
253 385
462 251
751 626
354 276
741 588
642 284
208 207
188 483
677 340
514 774
540 406
784 765
256 401
472 96
329 782
273 498
125 655
409 538
655 661
240 344
253 547
779 492
606 484
99 587
131 196
166 572
750 500
229 728
453 651
714 762
699 773
557 258
259 114
273 579
305 724
627 427
698 497
741 799
332 708
268 501
422 446
403 675
368 557
498 249
511 241
525 795
385 269
474 561
442 103
111 520
316 315
754 90
675 663
425 426
142 452
566 651
690 758
444 615
706 582
162 376
768 658
728 461
133 368
235 106
777 338
777 80
294 138
516 250
274 441
505 127
444 764
571 489
137 667
666 87
251 145
555 331
196 407
80 644
579 577
371 306
322 351
103 473
106 715
624 305
377 260
612 198
255 692
781 168
445 631
561 376
173 318
631 565
768 418
410 664
161 183
543 692
659 247
374 762
715 768
227 508
505 376
313 285
363 161
534 94
707 506
654 661
175 208
768 171
541 751
732 662
493 122
640 800
419 454
758 763
184 282
458 217
226 783
629 693
120 214
584 774
728 277
570 743
416 690
473 197
688 687
694 701
619 443
618 229
171 471
172 327
162 326
118 545
661 342
638 218
387 186
515 422
443 636
672 532
307 530
797 97
513 698
257 234
719 564
751 713
527 508
348 137
511 739
449 714
289 354
766 232
769 394
173 146
226 395
86 98
222 170
399 277
164 796
320 797
298 126
727 606
519 557
326 272
105 230
760 497
191 568
551 178
328 155
760 744
355 89
743 498
705 678
262 308
775 144
276 697
140 406
389 216
164 462
232 552
239 479
760 726
181 129
406 708
495 277
154 246
408 458
465 442
589 349
790 196
512 200
501 270
146 113
690 636
479 291
729 569
691 211
157 773
688 635
480 633
253 114
418 634
386 443
476 742
384 147
534 591
533 88
782 216
785 453
270 407
166 363
246 671
168 661
190 746
349 684
305 316
404 435
474 455
506 120
231 576
632 706
179 189
696 178
119 186
632 758
453 657
325 489
299 176
187 240
610 187
586 232
740 449
296 383
180 484
184 762
760 791
336 360
749 681
297 198
490 222
620 92
109 464
319 597
305 632
94 534
475 509
621 229
462 313
516 474
476 487
299 231
594 550
249 263
163 269
520 429
451 463
177 400
672 618
216 650
158 633
156 422
721 361
560 672
708 730
436 608
583 364
403 340
228 345
691 418
447 245
747 111
485 621
448 380
776 257
183 286
125 669
429 514
785 290
519 274
169 700
307 589
307 104
756 445
176 365
576 327
696 649
376 102
242 393
281 472
374 478
782 392
397 509
655 516
542 229
308 639
411 270
162 88
138 704
233 203
551 791
782 259
129 231
555 676
353 594
583 88
516 262
283 633
738 482
404 573
92 476
453 426
655 186
136 185
752 476
197 711
621 389
577 550
234 511
710 129
528 709
544 678
155 481
86 318
426 608
406 368
361 427
315 139
431 115
192 363
93 616
209 124
638 661
474 329
301 297
684 778
181 421
606 502
442 637
721 361
543 292
578 729
432 540
790 547
515 689
393 766
732 785
425 433
274 210
229 194
190 565
594 360
102 214
765 729
263 200
219 101
303 423
617 130
475 247
386 774
420 180
209 143
498 572
143 761
253 621
509 654
328 443
414 198
667 699
404 257
197 497
223 351
110 442
218 294
397 684
301 89
213 172
771 171
656 492
708 701
703 86
334 449
208 796
799 460
649 399
598 181
658 749
795 653
243 438
768 735
600 616
168 122
95 292
359 719
158 140
664 662
172 484
545 209
245 682
102 191
354 431
382 250
593 559
185 213
583 308
247 267
473 250
332 625
149 614
197 764
549 422
414 221
793 89
574 739
294 377
727 619
270 646
99 294
439 82
592 435
526 223
678 175
559 573
672 290
664 762
334 409
493 285
104 368
422 481
345 132
222 555
776 498
166 202
555 433
714 558
590 556
387 734
691 661
131 321
142 128
689 604
397 88
257 712
475 321
175 590
650 183
397 696
290 422
544 570
130 450
673 200
767 556
678 550
315 674
97 174
651 359
304 488
580 482
332 323
307 537
754 140
97 252
458 150
601 435
763 480
448 161
605 432
720 183
322 673
779 628
242 263
238 512
442 566
636 275
569 357
560 445
601 781
176 337
218 715
352 676
550 295
201 274
313 699
239 198
558 674
261 590
91 516
377 394
790 485
384 612
313 547
270 691
401 460
694 648
627 400
84 139
578 133
465 796
230 199
530 99
396 734
374 197
672 751
652 271
377 372
215 232
152 777
530 224
596 633
421 315
107 376
193 645
163 169
282 373
406 702
256 248
85 455
99 796
449 644
568 773
239 786
563 382
622 604
613 565
285 543
80 360
505 729
419 612
635 172
426 509
97 207
97 560
555 468
460 92
543 737
324 491
571 177
716 282
602 86
209 617
276 729
435 273
468 355
682 123
337 399
420 789
247 406
150 215
547 210
254 370
432 485
440 732
646 348
391 715
253 552
416 579
439 768
359 415
140 297
418 452
170 156
341 574
276 787
233 250
747 258
577 285
151 644
447 506
715 634
548 736
160 398
626 364
580 420
572 307
265 446
134 264
352 432
455 414
509 691
269 382
585 90
327 179
497 616
332 427
426 670
347 92
184 167
194 253
479 723
556 503
456 341
386 577
380 494
455 323
613 189
583 782
792 115
562 537
761 512
566 343
189 547
341 701
298 398
220 447
732 189
176 352
506 656
139 349
799 760
681 253
695 177
503 716
800 508
390 300
666 547
105 641
382 145
231 384
332 720
396 125
561 217
399 294
660 316
596 722
217 583
712 400
648 251
491 468
223 796
430 582
603 130
561 567
345 190
140 189
607 498
404 484
582 766
151 479
332 631
99 774
440 639
393 207
710 775
222 247
616 208
382 287
711 274
477 221
417 166
669 377
576 531
438 509
164 131
776 358
693 295
289 228
463 490
419 768
263 271
579 326
775 331
347 206
88 400
622 463
504 246
615 512
796 177
739 420
622 537
743 431
250 685
115 177
466 194
492 730
389 223
356 726
747 767
779 788
485 93
625 140
329 794
727 558
185 349
443 732
767 352
212 584
710 524
550 397
235 579
468 545
162 177
170 101
177 595
135 557
96 612
446 630
480 426
510 205
237 432
244 707
411 391
591 408
596 677
86 651
301 222
168 628
126 619
641 82
320 103
92 752
666 193
297 160
646 598
698 114
332 718
467 143
280 540
182 558
347 151
476 535
431 721
619 159
327 786
345 385
420 308
620 389
262 339
332 129
545 781
470 577
316 495
244 709
127 149
796 505
125 323
214 187
529 421
403 580
707 688
213 153
103 243
768 156
532 638
360 311
481 362
755 787
781 155
290 146
239 792
620 772
130 312
383 396
330 786
178 277
371 780
112 310
382 203
231 124
694 789
297 242
149 626
155 424
681 261
199 435
698 677
256 419
250 201
725 534
165 719
409 246
603 285
695 506
378 512
345 177
651 762
626 533
133 631
395 339
509 381
104 235
678 422
469 217
514 378
508 797
116 206
405 392
765 744
255 140
131 529
442 488
166 777
134 667
493 245
171 586
306 150
384 580
774 696
103 273
305 360
768 645
162 243
86 744
770 130
168 488
460 262
415 97
681 643
716 331